-9.900000000000000000e+01
-9.900000000000000000e+01
-9.900000000000000000e+01
-9.900000000000000000e+01
-9.900000000000000000e+01
-1.303072612178512047e-03
-3.309169953094788248e-05
1.236889213116616499e-03
1.095080791019776602e-03
7.656986434946178206e-04
6.182934924870877973e-04
8.799117941253308548e-04
1.141530095763574129e-03
1.103996866228926146e-03
9.575554295668226674e-04
7.638997901231380991e-04
3.192023485099081993e-04
-1.254950931033217004e-04
-3.679433495513278487e-04
-4.660237634631770980e-04
-5.623380195864027126e-04
-4.571405932593750336e-04
-3.519431669323473547e-04
-3.986269678105839134e-04
-6.434813607674078105e-04
-8.883357537242318703e-04
-5.998347828315065853e-04
-2.238413663662062666e-04
-4.700203172157600370e-05
-3.715903508094841484e-04
-6.961786698973924286e-04
-3.931892175989863615e-04
1.668034602314356256e-04
5.956476430586389289e-04
1.816958253286845193e-04
-2.322559924012698902e-04
-6.532499003637312228e-04
-1.079780230851177820e-03
-1.506310561338623875e-03
-9.703140528433204385e-04
-4.197039361743707753e-04
-3.829042151014670661e-04
-1.084762385044878760e-03
-1.786620554988290616e-03
-1.363797895320926264e-03
-7.194293745187398592e-04
-1.124665189726993726e-04
3.883794575395229818e-04
8.892254340517452820e-04
5.578067948831011728e-04
-1.548803581293505373e-04
-7.083157448161509721e-04
1.352742400716818328e-05
7.353705928304873386e-04
8.126425540749263781e-04
3.323915335584357381e-04
-1.478594869580549019e-04
-5.721153098995260646e-04
-9.941229766125118418e-04
-1.258493405345534333e-03
-1.272742320804583736e-03
-1.286991236263633140e-03
-1.376124977149039905e-03
-1.482620656459488796e-03
-1.498595324801637544e-03
-1.223116533130593278e-03
-9.476377414595492290e-04
-3.702807373699517311e-04
3.610865340793040484e-04
9.780594215707686181e-04
4.001065321685326644e-04
-1.778463572337031810e-04
-4.475379956215535387e-04
-4.240794824091742967e-04
-4.006209691967951088e-04
-1.730076107219364885e-04
6.815644564157907499e-05
6.290089781221956710e-04
1.750977665782613851e-03
2.872946353443031706e-03
2.279897933128004033e-03
1.225847243208730026e-03
3.127746370618891738e-04
-8.045560990997273386e-05
-4.736858568818346415e-04
1.927283063712825935e-04
1.458999737042623434e-03
2.587759343674685304e-03
1.696150594908903825e-03
8.045418461431222369e-04
-8.616172429914639328e-05
-9.759190865580993435e-04
-1.865676448817052240e-03
-1.310907763616128274e-03
-6.204160442030277845e-04
2.365201144145822384e-06
4.933015017973948948e-04
9.842378024506439130e-04
6.229652807822834469e-04
-8.249500374151287965e-07
-3.149304667803984542e-04
6.938274172891141208e-04
1.702585301358626371e-03
1.769405106454990158e-03
1.246276913871562780e-03
7.154723361967674569e-04
8.249500374151287965e-07
-7.138224361219374162e-04
-8.042510836232639885e-04
-1.772868039755038164e-04
4.496774756722563557e-04
-6.445311213867889119e-05
-7.189426021847032276e-04
-9.500991506415059273e-04
-2.634961145410345340e-04
4.231069215594368592e-04
-1.111339553270225891e-04
-1.072412741301954735e-03
-1.773288995871894532e-03
-1.166352113698735597e-03
-5.594152315255765525e-04
-2.121919291038142585e-04
-4.452142085308800467e-05
1.125422362106669871e-04
-3.650643988560913432e-04
-8.426710339228496872e-04
-1.071963173020661596e-03
-9.873034106436637432e-04
-9.026436482666663243e-04
-5.018859155899228720e-04
-5.256440209340431519e-05
1.315713628932163224e-04
-3.272188312771239557e-04
-7.860090254474641795e-04
-1.010470643406235700e-03
-1.142539614562721167e-03
-1.280915434439174397e-03
-1.457272105849027801e-03
-1.633628777258881205e-03
-1.124894556859710234e-03
-9.425541980676878633e-05
9.363837172461729865e-04
2.744680256563281247e-04
-3.997331018337350102e-04
-5.685807067228838352e-04
-3.376602533305679381e-05
5.010486560567701392e-04
3.523529181093242469e-04
7.653475417348501106e-05
9.511286595035976527e-06
5.116892366355704725e-04
1.013867186676105023e-03
8.865834618315349613e-04
4.811921134232108972e-04
1.010058661668395867e-04
-9.215424950337616978e-05
-2.853143651735919398e-04
-5.092680480620101046e-04
-7.590385456872455723e-04
-1.008809043312481040e-03
-2.778423013359633846e-04
4.843433760148241297e-04
1.035840571671389591e-03
1.263749903785652863e-03
1.491659235899915701e-03
1.463792269797013941e-03
1.379603209236810249e-03
1.073557570267164377e-03
8.283652406491503074e-05
-9.078845221373348573e-04
-7.587598310161055562e-04
-4.802771801530071865e-05
6.043101364962804711e-04
7.011320880069815123e-04
7.979540395176825535e-04
8.361299274342708912e-04
8.202386814096361166e-04
8.043474353850013419e-04
4.359394942568883347e-04
4.721435672291212672e-05
-4.663091104010254903e-05
3.601121302281183253e-04
7.668551714963392539e-04
1.009516735584116420e-03
1.210099684961091823e-03
1.192901721463041770e-03
4.084394891969921840e-04
-3.760227430690575101e-04
-1.141274445784162036e-03
-1.896011944355434527e-03
-2.530654734840817339e-03
-1.605151325627147182e-03
-6.796479164134771331e-04
1.051712173811791785e-04
7.474187006531674482e-04
1.389666183925155826e-03
1.066019383163268556e-03
6.605025408820680696e-04
2.611099088791320405e-04
-1.267607547120300259e-04
-5.146314183031919839e-04
-8.911329352078674109e-04
-1.264281485195682588e-03
-1.404247376869265790e-03
-5.963855152704382453e-04
2.114763463283894076e-04
1.144418912834579537e-03
2.153169393959947914e-03
3.084753334433184679e-03
2.480181229470999199e-03
1.875609124508813286e-03
1.313371464407368707e-03
7.982967117094208779e-04
2.832219590114731572e-04
7.430884605647304349e-05
-9.991152233214333042e-05
-4.379891317730122175e-05
4.941774431558429090e-04
1.032153799488987229e-03
1.407317218810102792e-03
1.727805347489743369e-03
1.834536949898561611e-03
9.251219263094121988e-04
1.570690272026246167e-05
-2.067820627508098379e-04
3.060398990163112941e-05
2.738171940662220065e-04
7.521246289070357806e-04
1.230432063747849501e-03
1.172947731105590703e-03
4.589658696477716361e-04
-2.550159918100475395e-04
-3.978373920119486788e-04
-4.587467904777670124e-04
-1.968610639867080740e-04
8.190455310311837772e-04
1.834952126049076062e-03
2.126290548520508826e-03
2.142740202391176050e-03
2.030406988913957891e-03
1.189193883806618883e-03
3.479807786992797662e-04
-1.150675647771315575e-04
-2.990021439731822069e-04
-4.828451646432001991e-04
-4.981838853221376732e-04
-5.135226060010751473e-04
-5.912176459391759549e-04
-7.530231970758231256e-04
-9.148287482124702963e-04
-9.122772305217284085e-04
-8.809329729945810251e-04
-7.665895029847844943e-04
-4.346587910893253250e-04
-1.027280791938661557e-04
4.018915591599677903e-05
1.026080646122922325e-04
1.554811485645187440e-04
1.424459854026600730e-04
1.294108222408014292e-04
-6.042483009083226924e-05
-3.939217308738401663e-04
-7.274186316568481041e-04
2.314328285194386598e-04
1.220844551949805748e-03
1.848096350887930284e-03
1.936820928413011955e-03
2.025545505938093627e-03
9.711294335210386664e-04
-3.219410987717925702e-04
-1.119701135147674591e-03
-4.509935338895242887e-04
2.177140673686261225e-04
7.165693871777801963e-04
1.134636927755281084e-03
1.496079294710505551e-03
1.363681602132096621e-03
1.231283909553687259e-03
1.037287578266789939e-03
7.882394018747558443e-04
5.391912254827219662e-04
2.614181171250019951e-04
-1.776357295368304577e-05
-2.107840970227546238e-04
-2.622966527789398678e-04
-3.138092085351251118e-04
-2.538437927543079611e-04
-1.666405222487090309e-04
-1.626263636447367706e-04
-4.389538648929534360e-04
-7.152813661411702370e-04
-6.941140615914907124e-04
-5.155775699577939877e-04
-3.411627090040014482e-04
-2.146512630173614189e-04
-8.813981703072138948e-05
2.550429442534559994e-06
5.804692225044323612e-05
1.135434150583519122e-04
4.947956820469496479e-04
9.007136113810197383e-04
9.987648930825389869e-04
5.369766076022777258e-04
7.518832212201635636e-05
7.132594280905040678e-05
1.966229819257188783e-04
2.729880823529992531e-04
1.598168161367154627e-04
4.664554992043167241e-05
1.194077104661372599e-04
3.011879820325337031e-04
4.745802747565685165e-04
5.054435846173197834e-04
5.363068944780708877e-04
5.788609118633148342e-04
6.340406609888397200e-04
6.892204101143646058e-04
7.007131242690715391e-04
7.076714612453109286e-04
7.149916416333100674e-04
7.230426286978518290e-04
7.310936157623934822e-04
6.047433525535960515e-04
4.350983548608378993e-04
1.678053529995738365e-04
-5.397007021666263291e-04
-1.247206757332826495e-03
-1.428524541616220216e-03
-1.268795675576482856e-03
-1.100036402887983808e-03
-6.575437147763853402e-04
-2.150510266647869808e-04
-2.049432376650452294e-05
-1.203769188439840813e-04
-2.202595139214636464e-04
2.177827164898387281e-06
2.676032742228605572e-04
4.568942933124295813e-04
4.747421237262883860e-04
4.925899541401471907e-04
-1.009282044112230488e-04
-9.174691969164990241e-04
-1.543490144891491826e-03
-1.153481665663875621e-03
-7.634731864362588735e-04
-7.743938712587990041e-04
-1.071969205047653643e-03
-1.367251555019266540e-03
-1.388308567332347757e-03
-1.409365579645429408e-03
-1.060793109012833895e-03
-2.291595568313123344e-04
6.024739953502093346e-04
7.076416422157472260e-04
6.932486516347186652e-04
5.535746103680624442e-04
9.785463726753494077e-05
-3.578653358329925626e-04
3.116554764882482551e-05
7.668006065521329462e-04
1.271152401672297205e-03
2.841482300727898305e-04
-7.028559415267174358e-04
-6.200427258262133793e-04
3.052032428027755913e-04
1.230449211431764237e-03
4.080896530329962109e-04
-4.415166158760799311e-04
-6.891444152061831701e-04
-6.994518356816367601e-05
5.492540480698558181e-04
5.977360513757598451e-04
5.334710028024635450e-04
3.822763967476569959e-04
-1.603803762377075531e-05
-4.143524719951985607e-04
-8.630902550587520646e-04
-1.334969947669946942e-03
-1.751254974247805525e-03
-1.720548222047692428e-03
-1.689841469847579332e-03
-9.900000000000000000e+01
-9.900000000000000000e+01
-9.900000000000000000e+01
-9.900000000000000000e+01
-9.900000000000000000e+01
-9.900000000000000000e+01
-9.900000000000000000e+01
-9.900000000000000000e+01
-9.900000000000000000e+01
-9.900000000000000000e+01
-9.900000000000000000e+01
-9.900000000000000000e+01
-9.900000000000000000e+01
-9.900000000000000000e+01
-9.900000000000000000e+01
-9.900000000000000000e+01
-9.900000000000000000e+01
-9.900000000000000000e+01
-9.900000000000000000e+01
-9.900000000000000000e+01
-9.900000000000000000e+01
-9.900000000000000000e+01
-9.900000000000000000e+01
-9.900000000000000000e+01
-9.900000000000000000e+01
-9.900000000000000000e+01
-9.900000000000000000e+01
-9.900000000000000000e+01
-9.900000000000000000e+01
-9.900000000000000000e+01
-9.900000000000000000e+01
-9.900000000000000000e+01
-9.900000000000000000e+01
-9.900000000000000000e+01
-9.900000000000000000e+01
-9.900000000000000000e+01
-9.900000000000000000e+01
-9.900000000000000000e+01
-9.900000000000000000e+01
-9.900000000000000000e+01
-9.900000000000000000e+01
-9.900000000000000000e+01
-9.900000000000000000e+01
-9.900000000000000000e+01
-9.900000000000000000e+01
-9.900000000000000000e+01
-9.900000000000000000e+01
-9.900000000000000000e+01
-9.900000000000000000e+01
-9.900000000000000000e+01
-9.900000000000000000e+01
-9.900000000000000000e+01
-9.900000000000000000e+01
-9.900000000000000000e+01
-9.900000000000000000e+01
-9.900000000000000000e+01
-9.900000000000000000e+01
-9.900000000000000000e+01
-9.900000000000000000e+01
-9.900000000000000000e+01
-9.900000000000000000e+01
-9.900000000000000000e+01
-9.900000000000000000e+01
-9.900000000000000000e+01
-9.900000000000000000e+01
-9.900000000000000000e+01
-9.900000000000000000e+01
-9.900000000000000000e+01
-9.900000000000000000e+01
-9.900000000000000000e+01
-9.900000000000000000e+01
-9.900000000000000000e+01
-9.900000000000000000e+01
-9.900000000000000000e+01
-9.900000000000000000e+01
-9.900000000000000000e+01
-9.900000000000000000e+01
-9.900000000000000000e+01
-9.900000000000000000e+01
-9.900000000000000000e+01
-9.900000000000000000e+01
-9.900000000000000000e+01
-9.900000000000000000e+01
-9.900000000000000000e+01
-9.900000000000000000e+01
-9.900000000000000000e+01
-9.900000000000000000e+01
-9.900000000000000000e+01
-9.900000000000000000e+01
-9.900000000000000000e+01
-9.900000000000000000e+01
-9.900000000000000000e+01
-9.900000000000000000e+01
-9.900000000000000000e+01
-9.900000000000000000e+01
-9.900000000000000000e+01
-9.900000000000000000e+01
-9.900000000000000000e+01
-9.900000000000000000e+01
-9.900000000000000000e+01
-9.900000000000000000e+01
-9.900000000000000000e+01
-9.900000000000000000e+01
-9.900000000000000000e+01
-9.900000000000000000e+01
-9.900000000000000000e+01
-9.900000000000000000e+01
-9.900000000000000000e+01
-9.900000000000000000e+01
-9.900000000000000000e+01
-9.900000000000000000e+01
-9.900000000000000000e+01
-1.386895199920520861e-03
-1.634658438322500137e-04
8.960110560138046486e-04
6.149883480155158341e-04
3.339656400172270737e-04
1.809069717238125184e-04
1.939592118790718005e-04
2.070114520343310826e-04
-5.575165839907401857e-05
-4.049929108761118565e-04
-6.736301827194376025e-04
-1.013286884998660362e-04
4.709728057197053674e-04
4.721372288852948552e-04
-3.363565594836913125e-04
-1.144850347852677426e-03
-1.189069584451453443e-03
-9.644692527391422483e-04
-7.780673670562650648e-04
-1.132630510367891316e-03
-1.487193653679517568e-03
-1.547918026968801448e-03
-1.153116585591683254e-03
-7.583151442145650602e-04
-4.640885485849934912e-04
-2.093088976406972963e-04
3.534382585107124835e-05
6.225856043578858285e-05
8.917329502050586314e-05
2.501736778520900696e-04
6.388900695609232416e-04
1.027606461269756251e-03
5.579605449443859801e-04
-2.852426649603539825e-04
-1.105497388627435127e-03
-9.479312387844179670e-04
-7.903650889414005898e-04
-6.498863241199317586e-04
-5.412680401204481104e-04
-4.326497561209646792e-04
6.318953638257757610e-05
7.452508461000709010e-04
1.425235890092309277e-03
6.441169121073609099e-04
-1.370020658775875110e-04
-4.652013960274476996e-04
1.362953394203523204e-04
7.377920748681523946e-04
8.695257092079344656e-04
7.524494613859161046e-04
6.353732135638979605e-04
2.418798590135554571e-04
-1.572813803406808799e-04
-3.537907371575424041e-04
-9.084215832423690826e-05
1.721064205090685876e-04
8.614645249151306125e-06
-4.029359126679729793e-04
-8.144864705850972646e-04
-2.865669998878666029e-04
2.821355707943286133e-04
7.478009419322096014e-04
9.544079892285157237e-04
1.161015036524821629e-03
8.300585414448358526e-04
1.564539455151190274e-04
-5.171506504145974726e-04
-2.377812884542301257e-04
1.057885616260483452e-04
3.167592842489939790e-04
1.562385403313087257e-04
-4.282203586376527680e-06
8.166300483669988210e-05
3.394420068341230776e-04
5.972210088315463815e-04
-1.102423824232701675e-04
-9.069447759385020590e-04
-1.201135194507150280e-03
8.266108190566854056e-05
1.366457358318487903e-03
1.227527332227281451e-03
5.187367681910718450e-06
-1.217152596863460123e-03
-1.066342540266148296e-03
-7.524796551974792958e-04
-3.793353161520699769e-04
2.039611020168467467e-04
7.872575201857633619e-04
6.450369439508932354e-04
-1.000015956687040392e-04
-8.450401352883014222e-04
-2.639218472451432067e-04
5.112549775212343623e-04
1.077781201079644133e-03
8.018782501254811002e-04
5.259752991713178508e-04
-1.645055451361104718e-04
-1.230572171079114940e-03
-2.296638797022119028e-03
-1.843145666399966052e-03
-1.123251815330885079e-03
-4.802837358471956993e-04
-1.950015067870604357e-04
9.028072227307482782e-05
5.767095287643375558e-04
1.261757112848011821e-03
1.946804696931686302e-03
1.382958931473185363e-03
5.620898187818073200e-04
-1.137411229677420213e-04
-1.811181052442054637e-06
1.101187608628579392e-04
1.523434247261012280e-04
1.195514493344166469e-04
8.675947394273211995e-05
1.297265100517620948e-04
1.907174513384609325e-04
2.024039385118099133e-04
-1.046168838042192380e-04
-4.116377061202484435e-04
-2.678193024319913207e-04
4.049513528902663989e-04
1.077722008212523902e-03
8.551361297609401044e-04
3.892119006715773970e-04
-5.597579933267523688e-05
-3.375153009620673709e-04
-6.190548025914593966e-04
-4.972656553736841314e-04
1.407220903301120685e-04
7.787098360339083768e-04
8.982952374373604811e-04
8.584457412828911879e-04
7.550075183564055725e-04
1.600849991165452556e-05
-7.229905185330964129e-04
-9.203449340746902314e-04
-3.607918508038751690e-04
1.987612324669399476e-04
1.486523192690757350e-04
-1.120298652336811779e-04
-3.753538697568590187e-04
-6.740808584231867788e-04
-9.728078470895146473e-04
-8.187066033202832632e-04
2.722124520806204180e-05
8.731490937364076721e-04
8.722924889380655883e-04
5.450070640803589880e-04
2.241775396058881759e-04
3.159245257842598054e-05
-1.609926344490362148e-04
-4.016072412053545235e-04
-7.225824046363142975e-04
-1.043557568067274288e-03
-1.208914718809176629e-03
-1.307658855826744496e-03
-1.401068277648899419e-03
-1.297862534144270585e-03
-1.194656790639641751e-03
-9.795151277975009101e-04
-5.588316091069448713e-04
-1.381480904163891036e-04
-1.827912852825641383e-04
-4.476805926107919778e-04
-7.102428275864822345e-04
-5.006261349166791748e-04
-2.910094422468762236e-04
-9.555712307906546023e-06
4.170474340986790747e-04
8.436505805052649937e-04
9.770835846863645466e-04
9.576171642684055355e-04
9.381507438504467413e-04
5.886805093640468806e-04
2.336371352159597663e-04
-3.554294039522111872e-05
-1.132098398863449405e-04
-1.908767393774687623e-04
-1.982601556821216428e-04
-1.653693795440882241e-04
-1.324786034060547782e-04
-4.473120445189220800e-04
-7.759258488777974905e-04
-8.369774390347100960e-04
-2.366952759723214210e-04
3.635868870900673083e-04
5.559605926785014200e-04
4.921195205852049986e-04
4.282784484919084146e-04
3.898771394144405033e-04
3.530890340758543956e-04
3.350096423315185854e-04
3.684148144194375018e-04
4.018199865073565267e-04
-7.460116738238576966e-05
-9.013805223057403445e-04
-1.728159877229095082e-03
-1.255437328346266064e-03
-6.679573330966581679e-04
-1.339821251160815770e-04
2.351284352196574348e-04
6.042389955553965821e-04
3.930614392840342205e-04
-2.537700469719883696e-04
-9.006015332280107970e-04
-1.498080191243123926e-03
-2.089912956873191119e-03
-2.428653750338217576e-03
-1.888123195186731810e-03
-1.347592640035245827e-03
-1.036984440416748770e-03
-9.147451517487583186e-04
-7.925058630807678677e-04
-7.153331410538494445e-04
-6.445495031443162614e-04
-5.119408368074555848e-04
-1.350865037757399017e-04
2.417678292559758356e-04
4.630683003987658857e-04
5.454015317202852518e-04
6.277347630418044552e-04
1.061948394186538829e-04
-5.183173722779217240e-04
-1.017433070962985584e-03
-9.471664573497855840e-04
-8.768998437365858011e-04
-7.731934356938071316e-04
-6.369246392683803942e-04
-5.006558428429537652e-04
-5.741718525199442352e-04
-6.898031626173561134e-04
-7.434193314513222722e-04
-4.689501954516742555e-04
-1.944810594520261847e-04
1.446473829757319914e-05
1.538717913542047449e-04
2.932788444108363449e-04
-1.751630818856773734e-05
-4.330254291992924483e-04
-7.574428621345470104e-04
-5.102761448054062097e-04
-2.631094274762653547e-04
-1.617274236480849476e-05
2.304978128764328580e-04
4.771683681176742378e-04
2.478695518662622777e-04
-1.081161364672768841e-04
-4.510082112709197879e-04
-6.940678518917841461e-04
-9.371274925126483416e-04
-9.209030117136409507e-04
-5.774946577146336350e-04
-2.340863037156263736e-04
3.032092464417018743e-04
8.989848461635012705e-04
1.410388658080058161e-03
1.112742965271106867e-03
8.150972724621557888e-04
6.981288313891596733e-04
8.300539568600240250e-04
9.619790823308885935e-04
5.908618388879684560e-04
4.915567288914305917e-05
-4.334625666096050649e-04
-1.649114866138088253e-04
1.036395933819874685e-04
1.028347898162511364e-04
-3.035433206704427045e-04
-7.099214311571365454e-04
-8.015878791500527598e-04
-7.740307745290216351e-04
-7.469250354403581763e-04
-7.281471303992746637e-04
-7.093692253581913680e-04
-7.795321703736722996e-04
-9.963118776850844911e-04
-1.213091584996496899e-03
-9.173739647621646613e-04
-4.059040114007242861e-04
8.513248718073403859e-05
-8.676266072183886117e-05
-2.586578086244117609e-04
-1.998380155241310054e-04
2.762261207608646542e-04
7.522902570458603680e-04
7.270623406387620967e-04
4.683383560268756791e-04
2.112331094566119211e-04
1.454597197080998295e-04
7.968632995958773802e-05
1.601497221094827245e-04
5.314884481783460971e-04
9.028271742472094696e-04
1.205764060825606498e-03
1.473575764449190336e-03
1.741387468072774173e-03
2.650230490066389326e-03
3.567597262105215179e-03
4.547253412416553398e-03
5.663602177351667426e-03
6.779950942286780587e-03
7.906362249483694232e-03
9.038453340842269451e-03
1.017054443220084294e-02
1.246113584678453651e-02
1.479329060159376846e-02
1.730057105909402898e-02
2.023344148131739351e-02
2.316631190354076497e-02
2.560983244545199725e-02
2.775047868012221752e-02
2.989112491479244127e-02
3.169721155332853868e-02
3.348339657173719786e-02
3.539888825822178064e-02
3.766395740755441868e-02
3.992902655688705671e-02
4.032184567718692658e-02
3.944650062554801162e-02
3.857115557390908972e-02
3.712684104974017102e-02
3.563462130112710763e-02
3.383912508599492414e-02
3.112650033360929436e-02
2.841387558122365417e-02
2.592972166422310987e-02
2.361466739942459300e-02
2.129961313462607961e-02
1.891178219183715925e-02
1.651593947565630285e-02
1.417672318802026474e-02
1.203034386714578810e-02
9.883964546271309728e-03
8.129706633528532150e-03
6.692208081973397525e-03
5.254709530418265502e-03
4.559935799914721470e-03
3.967096974165819877e-03
3.284198809664846345e-03
2.253074718581614226e-03
1.221950627498382107e-03
8.269875663957984829e-04
9.924560121346349441e-04
1.157924457873471188e-03
7.643061428399826503e-04
2.780113620125444448e-04
1.811181052442081742e-06
6.575256344331671925e-04
1.313240087813892249e-03
1.182479348905530504e-03
2.964845731995793972e-04
-5.895102025063713846e-04
-4.376890748355864074e-04
-8.271473658671768059e-05
2.023810231780602325e-04
1.272206579732976912e-04
5.206029276853512268e-05
-3.351727148677546820e-05
-1.299972630253032476e-04
-2.264772545638310270e-04
8.384183064121951585e-05
4.866348235575531571e-04
8.138203365257628066e-04
6.801830839484803316e-04
5.465458313711980733e-04
3.354657988408626143e-04
3.603663619633024149e-05
-2.633925264482021313e-04
2.186157479857681247e-04
9.042691105818241593e-04
1.445804610473904687e-03
9.247818746644610385e-04
4.037591388550175529e-04
3.052627813361507192e-04
7.324665159778274981e-04
1.159670250619504331e-03
2.273505526879104357e-04
-1.107035893039412305e-03
-2.249641186291997594e-03
-1.625516762034975946e-03
-1.001392337777954299e-03
-4.865583827638506162e-04
-1.201430512586473560e-04
2.462722802465559585e-04
3.144481620805803976e-04
2.833420056501927283e-04
2.085532145292001162e-04
-3.942396849555136989e-04
-9.970325844402274599e-04
-9.900000000000000000e+01
-9.900000000000000000e+01
-9.900000000000000000e+01
-9.900000000000000000e+01
-9.900000000000000000e+01
-9.900000000000000000e+01
-9.900000000000000000e+01
-9.900000000000000000e+01
-9.900000000000000000e+01
-9.900000000000000000e+01
-9.900000000000000000e+01
-9.900000000000000000e+01
-9.900000000000000000e+01
-9.900000000000000000e+01
-9.900000000000000000e+01
-9.900000000000000000e+01
