3.250000000000000000e+02
3.250256410256410504e+02
3.250512820512821008e+02
3.250769230769231513e+02
3.251025641025642017e+02
3.251282051282052521e+02
3.251538461538463025e+02
3.251794871794873529e+02
3.252051282051284034e+02
3.252307692307694538e+02
3.252564102564105042e+02
3.252820512820515546e+02
3.253076923076926050e+02
3.253333333333336554e+02
3.253589743589747059e+02
3.253846153846157563e+02
3.254102564102568067e+02
3.254358974358978571e+02
3.254615384615389075e+02
3.254871794871799580e+02
3.255128205128210084e+02
3.255384615384620588e+02
3.255641025641031092e+02
3.255897435897441596e+02
3.256153846153852101e+02
3.256410256410262605e+02
3.256666666666673109e+02
3.256923076923083613e+02
3.257179487179494117e+02
3.257435897435904621e+02
3.257692307692315126e+02
3.257948717948725630e+02
3.258205128205136134e+02
3.258461538461546638e+02
3.258717948717957142e+02
3.258974358974367647e+02
3.259230769230778151e+02
3.259487179487188655e+02
3.259743589743599159e+02
3.260000000000009663e+02
3.260256410256420168e+02
3.260512820512830672e+02
3.260769230769241176e+02
3.261025641025651680e+02
3.261282051282062184e+02
3.261538461538472689e+02
3.261794871794883193e+02
3.262051282051293697e+02
3.262307692307704201e+02
3.262564102564114705e+02
3.262820512820525209e+02
3.263076923076935714e+02
3.263333333333346218e+02
3.263589743589756722e+02
3.263846153846167226e+02
3.264102564102577730e+02
3.264358974358988235e+02
3.264615384615398739e+02
3.264871794871809243e+02
3.265128205128219747e+02
3.265384615384630251e+02
3.265641025641040756e+02
3.265897435897451260e+02
3.266153846153861764e+02
3.266410256410272268e+02
3.266666666666682772e+02
3.266923076923093276e+02
3.267179487179503781e+02
3.267435897435914285e+02
3.267692307692324789e+02
3.267948717948735293e+02
3.268205128205145797e+02
3.268461538461556302e+02
3.268717948717966806e+02
3.268974358974377310e+02
3.269230769230787814e+02
3.269487179487198318e+02
3.269743589743608823e+02
3.270000000000019327e+02
3.270256410256429831e+02
3.270512820512840335e+02
3.270769230769250839e+02
3.271025641025661344e+02
3.271282051282071848e+02
3.271538461538482352e+02
3.271794871794892856e+02
3.272051282051303360e+02
3.272307692307713864e+02
3.272564102564124369e+02
3.272820512820534873e+02
3.273076923076945377e+02
3.273333333333355881e+02
3.273589743589766385e+02
3.273846153846176890e+02
3.274102564102587394e+02
3.274358974358997898e+02
3.274615384615408402e+02
3.274871794871818906e+02
3.275128205128229411e+02
3.275384615384639915e+02
3.275641025641050419e+02
3.275897435897460923e+02
3.276153846153871427e+02
3.276410256410281931e+02
3.276666666666692436e+02
3.276923076923102940e+02
3.277179487179513444e+02
3.277435897435923948e+02
3.277692307692334452e+02
3.277948717948744957e+02
3.278205128205155461e+02
3.278461538461565965e+02
3.278717948717976469e+02
3.278974358974386973e+02
3.279230769230797478e+02
3.279487179487207982e+02
3.279743589743618486e+02
3.280000000000028990e+02
3.280256410256439494e+02
3.280512820512849999e+02
3.280769230769260503e+02
3.281025641025671007e+02
3.281282051282081511e+02
3.281538461538492015e+02
3.281794871794902519e+02
3.282051282051313024e+02
3.282307692307723528e+02
3.282564102564134032e+02
3.282820512820544536e+02
3.283076923076955040e+02
3.283333333333365545e+02
3.283589743589776049e+02
3.283846153846186553e+02
3.284102564102597057e+02
3.284358974359007561e+02
3.284615384615418066e+02
3.284871794871828570e+02
3.285128205128239074e+02
3.285384615384649578e+02
3.285641025641060082e+02
3.285897435897470586e+02
3.286153846153881091e+02
3.286410256410291595e+02
3.286666666666702099e+02
3.286923076923112603e+02
3.287179487179523107e+02
3.287435897435933612e+02
3.287692307692344116e+02
3.287948717948754620e+02
3.288205128205165124e+02
3.288461538461575628e+02
3.288717948717986133e+02
3.288974358974396637e+02
3.289230769230807141e+02
3.289487179487217645e+02
3.289743589743628149e+02
3.290000000000038654e+02
3.290256410256449158e+02
3.290512820512859662e+02
3.290769230769270166e+02
3.291025641025680670e+02
3.291282051282091174e+02
3.291538461538501679e+02
3.291794871794912183e+02
3.292051282051322687e+02
3.292307692307733191e+02
3.292564102564143695e+02
3.292820512820554200e+02
3.293076923076964704e+02
3.293333333333375208e+02
3.293589743589785712e+02
3.293846153846196216e+02
3.294102564102606721e+02
3.294358974359017225e+02
3.294615384615427729e+02
3.294871794871838233e+02
3.295128205128248737e+02
3.295384615384659241e+02
3.295641025641069746e+02
3.295897435897480250e+02
3.296153846153890754e+02
3.296410256410301258e+02
3.296666666666711762e+02
3.296923076923122267e+02
3.297179487179532771e+02
3.297435897435943275e+02
3.297692307692353779e+02
3.297948717948764283e+02
3.298205128205174788e+02
3.298461538461585292e+02
3.298717948717995796e+02
3.298974358974406300e+02
3.299230769230816804e+02
3.299487179487227309e+02
3.299743589743637813e+02
3.300000000000048317e+02
3.300256410256458821e+02
3.300512820512869325e+02
3.300769230769279829e+02
3.301025641025690334e+02
3.301282051282100838e+02
3.301538461538511342e+02
3.301794871794921846e+02
3.302051282051332350e+02
3.302307692307742855e+02
3.302564102564153359e+02
3.302820512820563863e+02
3.303076923076974367e+02
3.303333333333384871e+02
3.303589743589795376e+02
3.303846153846205880e+02
3.304102564102616384e+02
3.304358974359026888e+02
3.304615384615437392e+02
3.304871794871847897e+02
3.305128205128258401e+02
3.305384615384668905e+02
3.305641025641079409e+02
3.305897435897489913e+02
3.306153846153900417e+02
3.306410256410310922e+02
3.306666666666721426e+02
3.306923076923131930e+02
3.307179487179542434e+02
3.307435897435952938e+02
3.307692307692363443e+02
3.307948717948773947e+02
3.308205128205184451e+02
3.308461538461594955e+02
3.308717948718005459e+02
3.308974358974415964e+02
3.309230769230826468e+02
3.309487179487236972e+02
3.309743589743647476e+02
3.310000000000057980e+02
3.310256410256468484e+02
3.310512820512878989e+02
3.310769230769289493e+02
3.311025641025699997e+02
3.311282051282110501e+02
3.311538461538521005e+02
3.311794871794931510e+02
3.312051282051342014e+02
3.312307692307752518e+02
3.312564102564163022e+02
3.312820512820573526e+02
3.313076923076984031e+02
3.313333333333394535e+02
3.313589743589805039e+02
3.313846153846215543e+02
3.314102564102626047e+02
3.314358974359036552e+02
3.314615384615447056e+02
3.314871794871857560e+02
3.315128205128268064e+02
3.315384615384678568e+02
3.315641025641089072e+02
3.315897435897499577e+02
3.316153846153910081e+02
3.316410256410320585e+02
3.316666666666731089e+02
3.316923076923141593e+02
3.317179487179552098e+02
3.317435897435962602e+02
3.317692307692373106e+02
3.317948717948783610e+02
3.318205128205194114e+02
3.318461538461604619e+02
3.318717948718015123e+02
3.318974358974425627e+02
3.319230769230836131e+02
3.319487179487246635e+02
3.319743589743657139e+02
3.320000000000067644e+02
3.320256410256478148e+02
3.320512820512888652e+02
3.320769230769299156e+02
3.321025641025709660e+02
3.321282051282120165e+02
3.321538461538530669e+02
3.321794871794941173e+02
3.322051282051351677e+02
3.322307692307762181e+02
3.322564102564172686e+02
3.322820512820583190e+02
3.323076923076993694e+02
3.323333333333404198e+02
3.323589743589814702e+02
3.323846153846225207e+02
3.324102564102635711e+02
3.324358974359046215e+02
3.324615384615456719e+02
3.324871794871867223e+02
3.325128205128277727e+02
3.325384615384688232e+02
3.325641025641098736e+02
3.325897435897509240e+02
3.326153846153919744e+02
3.326410256410330248e+02
3.326666666666740753e+02
3.326923076923151257e+02
3.327179487179561761e+02
3.327435897435972265e+02
3.327692307692382769e+02
3.327948717948793274e+02
3.328205128205203778e+02
3.328461538461614282e+02
3.328717948718024786e+02
3.328974358974435290e+02
3.329230769230845794e+02
3.329487179487256299e+02
3.329743589743666803e+02
3.330000000000077307e+02
3.330256410256487811e+02
3.330512820512898315e+02
3.330769230769308820e+02
3.331025641025719324e+02
3.331282051282129828e+02
3.331538461538540332e+02
3.331794871794950836e+02
3.332051282051361341e+02
3.332307692307771845e+02
3.332564102564182349e+02
3.332820512820592853e+02
3.333076923077003357e+02
3.333333333333413862e+02
3.333589743589824366e+02
3.333846153846234870e+02
3.334102564102645374e+02
3.334358974359055878e+02
3.334615384615466382e+02
3.334871794871876887e+02
3.335128205128287391e+02
3.335384615384697895e+02
3.335641025641108399e+02
3.335897435897518903e+02
3.336153846153929408e+02
3.336410256410339912e+02
3.336666666666750416e+02
3.336923076923160920e+02
3.337179487179571424e+02
3.337435897435981929e+02
3.337692307692392433e+02
3.337948717948802937e+02
3.338205128205213441e+02
3.338461538461623945e+02
3.338717948718034449e+02
3.338974358974444954e+02
3.339230769230855458e+02
3.339487179487265962e+02
3.339743589743676466e+02
3.340000000000086970e+02
3.340256410256497475e+02
3.340512820512907979e+02
3.340769230769318483e+02
3.341025641025728987e+02
3.341282051282139491e+02
3.341538461538549996e+02
3.341794871794960500e+02
3.342051282051371004e+02
3.342307692307781508e+02
3.342564102564192012e+02
3.342820512820602517e+02
3.343076923077013021e+02
3.343333333333423525e+02
3.343589743589834029e+02
3.343846153846244533e+02
3.344102564102655037e+02
3.344358974359065542e+02
3.344615384615476046e+02
3.344871794871886550e+02
3.345128205128297054e+02
3.345384615384707558e+02
3.345641025641118063e+02
3.345897435897528567e+02
3.346153846153939071e+02
3.346410256410349575e+02
3.346666666666760079e+02
3.346923076923170584e+02
3.347179487179581088e+02
3.347435897435991592e+02
3.347692307692402096e+02
3.347948717948812600e+02
3.348205128205223104e+02
3.348461538461633609e+02
3.348717948718044113e+02
3.348974358974454617e+02
3.349230769230865121e+02
3.349487179487275625e+02
3.349743589743686130e+02
3.350000000000096634e+02
3.350256410256507138e+02
3.350512820512917642e+02
3.350769230769328146e+02
3.351025641025738651e+02
3.351282051282149155e+02
3.351538461538559659e+02
3.351794871794970163e+02
3.352051282051380667e+02
3.352307692307791172e+02
3.352564102564201676e+02
3.352820512820612180e+02
3.353076923077022684e+02
3.353333333333433188e+02
3.353589743589843692e+02
3.353846153846254197e+02
3.354102564102664701e+02
3.354358974359075205e+02
3.354615384615485709e+02
3.354871794871896213e+02
3.355128205128306718e+02
3.355384615384717222e+02
3.355641025641127726e+02
3.355897435897538230e+02
3.356153846153948734e+02
3.356410256410359239e+02
3.356666666666769743e+02
3.356923076923180247e+02
3.357179487179590751e+02
3.357435897436001255e+02
3.357692307692411759e+02
3.357948717948822264e+02
3.358205128205232768e+02
3.358461538461643272e+02
3.358717948718053776e+02
3.358974358974464280e+02
3.359230769230874785e+02
3.359487179487285289e+02
3.359743589743695793e+02
3.360000000000106297e+02
3.360256410256516801e+02
3.360512820512927306e+02
3.360769230769337810e+02
3.361025641025748314e+02
3.361282051282158818e+02
3.361538461538569322e+02
3.361794871794979827e+02
3.362051282051390331e+02
3.362307692307800835e+02
3.362564102564211339e+02
3.362820512820621843e+02
3.363076923077032347e+02
3.363333333333442852e+02
3.363589743589853356e+02
3.363846153846263860e+02
3.364102564102674364e+02
3.364358974359084868e+02
3.364615384615495373e+02
3.364871794871905877e+02
3.365128205128316381e+02
3.365384615384726885e+02
3.365641025641137389e+02
3.365897435897547894e+02
3.366153846153958398e+02
3.366410256410368902e+02
3.366666666666779406e+02
3.366923076923189910e+02
3.367179487179600414e+02
3.367435897436010919e+02
3.367692307692421423e+02
3.367948717948831927e+02
3.368205128205242431e+02
3.368461538461652935e+02
3.368717948718063440e+02
3.368974358974473944e+02
3.369230769230884448e+02
3.369487179487294952e+02
3.369743589743705456e+02
3.370000000000115961e+02
3.370256410256526465e+02
3.370512820512936969e+02
3.370769230769347473e+02
3.371025641025757977e+02
3.371282051282168482e+02
3.371538461538578986e+02
3.371794871794989490e+02
3.372051282051399994e+02
3.372307692307810498e+02
3.372564102564221002e+02
3.372820512820631507e+02
3.373076923077042011e+02
3.373333333333452515e+02
3.373589743589863019e+02
3.373846153846273523e+02
3.374102564102684028e+02
3.374358974359094532e+02
3.374615384615505036e+02
3.374871794871915540e+02
3.375128205128326044e+02
3.375384615384736549e+02
3.375641025641147053e+02
3.375897435897557557e+02
3.376153846153968061e+02
3.376410256410378565e+02
3.376666666666789069e+02
3.376923076923199574e+02
3.377179487179610078e+02
3.377435897436020582e+02
3.377692307692431086e+02
3.377948717948841590e+02
3.378205128205252095e+02
3.378461538461662599e+02
3.378717948718073103e+02
3.378974358974483607e+02
3.379230769230894111e+02
3.379487179487304616e+02
3.379743589743715120e+02
3.380000000000125624e+02
3.380256410256536128e+02
3.380512820512946632e+02
3.380769230769357137e+02
3.381025641025767641e+02
3.381282051282178145e+02
3.381538461538588649e+02
3.381794871794999153e+02
3.382051282051409657e+02
3.382307692307820162e+02
3.382564102564230666e+02
3.382820512820641170e+02
3.383076923077051674e+02
3.383333333333462178e+02
3.383589743589872683e+02
3.383846153846283187e+02
3.384102564102693691e+02
3.384358974359104195e+02
3.384615384615514699e+02
3.384871794871925204e+02
3.385128205128335708e+02
3.385384615384746212e+02
3.385641025641156716e+02
3.385897435897567220e+02
3.386153846153977724e+02
3.386410256410388229e+02
3.386666666666798733e+02
3.386923076923209237e+02
3.387179487179619741e+02
3.387435897436030245e+02
3.387692307692440750e+02
3.387948717948851254e+02
3.388205128205261758e+02
3.388461538461672262e+02
3.388717948718082766e+02
3.388974358974493271e+02
3.389230769230903775e+02
3.389487179487314279e+02
3.389743589743724783e+02
3.390000000000135287e+02
3.390256410256545792e+02
3.390512820512956296e+02
3.390769230769366800e+02
3.391025641025777304e+02
3.391282051282187808e+02
3.391538461538598312e+02
3.391794871795008817e+02
3.392051282051419321e+02
3.392307692307829825e+02
3.392564102564240329e+02
3.392820512820650833e+02
3.393076923077061338e+02
3.393333333333471842e+02
3.393589743589882346e+02
3.393846153846292850e+02
3.394102564102703354e+02
3.394358974359113859e+02
3.394615384615524363e+02
3.394871794871934867e+02
3.395128205128345371e+02
3.395384615384755875e+02
3.395641025641166380e+02
3.395897435897576884e+02
3.396153846153987388e+02
3.396410256410397892e+02
3.396666666666808396e+02
3.396923076923218900e+02
3.397179487179629405e+02
3.397435897436039909e+02
3.397692307692450413e+02
3.397948717948860917e+02
3.398205128205271421e+02
3.398461538461681926e+02
3.398717948718092430e+02
3.398974358974502934e+02
3.399230769230913438e+02
3.399487179487323942e+02
3.399743589743734447e+02
3.400000000000144951e+02
3.400256410256555455e+02
3.400512820512965959e+02
3.400769230769376463e+02
3.401025641025786967e+02
3.401282051282197472e+02
3.401538461538607976e+02
3.401794871795018480e+02
3.402051282051428984e+02
3.402307692307839488e+02
3.402564102564249993e+02
3.402820512820660497e+02
3.403076923077071001e+02
3.403333333333481505e+02
3.403589743589892009e+02
3.403846153846302514e+02
3.404102564102713018e+02
3.404358974359123522e+02
3.404615384615534026e+02
3.404871794871944530e+02
3.405128205128355035e+02
3.405384615384765539e+02
3.405641025641176043e+02
3.405897435897586547e+02
3.406153846153997051e+02
3.406410256410407555e+02
3.406666666666818060e+02
3.406923076923228564e+02
3.407179487179639068e+02
3.407435897436049572e+02
3.407692307692460076e+02
3.407948717948870581e+02
3.408205128205281085e+02
3.408461538461691589e+02
3.408717948718102093e+02
3.408974358974512597e+02
3.409230769230923102e+02
3.409487179487333606e+02
3.409743589743744110e+02
3.410000000000154614e+02
3.410256410256565118e+02
3.410512820512975622e+02
3.410769230769386127e+02
3.411025641025796631e+02
3.411282051282207135e+02
3.411538461538617639e+02
3.411794871795028143e+02
3.412051282051438648e+02
3.412307692307849152e+02
3.412564102564259656e+02
3.412820512820670160e+02
3.413076923077080664e+02
3.413333333333491169e+02
3.413589743589901673e+02
3.413846153846312177e+02
3.414102564102722681e+02
3.414358974359133185e+02
3.414615384615543690e+02
3.414871794871954194e+02
3.415128205128364698e+02
3.415384615384775202e+02
3.415641025641185706e+02
3.415897435897596210e+02
3.416153846154006715e+02
3.416410256410417219e+02
3.416666666666827723e+02
3.416923076923238227e+02
3.417179487179648731e+02
3.417435897436059236e+02
3.417692307692469740e+02
3.417948717948880244e+02
3.418205128205290748e+02
3.418461538461701252e+02
3.418717948718111757e+02
3.418974358974522261e+02
3.419230769230932765e+02
3.419487179487343269e+02
3.419743589743753773e+02
3.420000000000164277e+02
3.420256410256574782e+02
3.420512820512985286e+02
3.420769230769395790e+02
3.421025641025806294e+02
3.421282051282216798e+02
3.421538461538627303e+02
3.421794871795037807e+02
3.422051282051448311e+02
3.422307692307858815e+02
3.422564102564269319e+02
3.422820512820679824e+02
3.423076923077090328e+02
3.423333333333500832e+02
3.423589743589911336e+02
3.423846153846321840e+02
3.424102564102732345e+02
3.424358974359142849e+02
3.424615384615553353e+02
3.424871794871963857e+02
3.425128205128374361e+02
3.425384615384784865e+02
3.425641025641195370e+02
3.425897435897605874e+02
3.426153846154016378e+02
3.426410256410426882e+02
3.426666666666837386e+02
3.426923076923247891e+02
3.427179487179658395e+02
3.427435897436068899e+02
3.427692307692479403e+02
3.427948717948889907e+02
3.428205128205300412e+02
3.428461538461710916e+02
3.428717948718121420e+02
3.428974358974531924e+02
3.429230769230942428e+02
3.429487179487352932e+02
3.429743589743763437e+02
3.430000000000173941e+02
3.430256410256584445e+02
3.430512820512994949e+02
3.430769230769405453e+02
3.431025641025815958e+02
3.431282051282226462e+02
3.431538461538636966e+02
3.431794871795047470e+02
3.432051282051457974e+02
3.432307692307868479e+02
3.432564102564278983e+02
3.432820512820689487e+02
3.433076923077099991e+02
3.433333333333510495e+02
3.433589743589921000e+02
3.433846153846331504e+02
3.434102564102742008e+02
3.434358974359152512e+02
3.434615384615563016e+02
3.434871794871973520e+02
3.435128205128384025e+02
3.435384615384794529e+02
3.435641025641205033e+02
3.435897435897615537e+02
3.436153846154026041e+02
3.436410256410436546e+02
3.436666666666847050e+02
3.436923076923257554e+02
3.437179487179668058e+02
3.437435897436078562e+02
3.437692307692489067e+02
3.437948717948899571e+02
3.438205128205310075e+02
3.438461538461720579e+02
3.438717948718131083e+02
3.438974358974541587e+02
3.439230769230952092e+02
3.439487179487362596e+02
3.439743589743773100e+02
3.440000000000183604e+02
3.440256410256594108e+02
3.440512820513004613e+02
3.440769230769415117e+02
3.441025641025825621e+02
3.441282051282236125e+02
3.441538461538646629e+02
3.441794871795057134e+02
3.442051282051467638e+02
3.442307692307878142e+02
3.442564102564288646e+02
3.442820512820699150e+02
3.443076923077109655e+02
3.443333333333520159e+02
3.443589743589930663e+02
3.443846153846341167e+02
3.444102564102751671e+02
3.444358974359162175e+02
3.444615384615572680e+02
3.444871794871983184e+02
3.445128205128393688e+02
3.445384615384804192e+02
3.445641025641214696e+02
3.445897435897625201e+02
3.446153846154035705e+02
3.446410256410446209e+02
3.446666666666856713e+02
3.446923076923267217e+02
3.447179487179677722e+02
3.447435897436088226e+02
3.447692307692498730e+02
3.447948717948909234e+02
3.448205128205319738e+02
3.448461538461730242e+02
3.448717948718140747e+02
3.448974358974551251e+02
3.449230769230961755e+02
3.449487179487372259e+02
3.449743589743782763e+02
3.450000000000193268e+02
3.450256410256603772e+02
3.450512820513014276e+02
3.450769230769424780e+02
3.451025641025835284e+02
3.451282051282245789e+02
3.451538461538656293e+02
3.451794871795066797e+02
3.452051282051477301e+02
3.452307692307887805e+02
3.452564102564298310e+02
3.452820512820708814e+02
3.453076923077119318e+02
3.453333333333529822e+02
3.453589743589940326e+02
3.453846153846350830e+02
3.454102564102761335e+02
3.454358974359171839e+02
3.454615384615582343e+02
3.454871794871992847e+02
3.455128205128403351e+02
3.455384615384813856e+02
3.455641025641224360e+02
3.455897435897634864e+02
3.456153846154045368e+02
3.456410256410455872e+02
3.456666666666866377e+02
3.456923076923276881e+02
3.457179487179687385e+02
3.457435897436097889e+02
3.457692307692508393e+02
3.457948717948918897e+02
3.458205128205329402e+02
3.458461538461739906e+02
3.458717948718150410e+02
3.458974358974560914e+02
3.459230769230971418e+02
3.459487179487381923e+02
3.459743589743792427e+02
3.460000000000202931e+02
3.460256410256613435e+02
3.460512820513023939e+02
3.460769230769434444e+02
3.461025641025844948e+02
3.461282051282255452e+02
3.461538461538665956e+02
3.461794871795076460e+02
3.462051282051486965e+02
3.462307692307897469e+02
3.462564102564307973e+02
3.462820512820718477e+02
3.463076923077128981e+02
3.463333333333539485e+02
3.463589743589949990e+02
3.463846153846360494e+02
3.464102564102770998e+02
3.464358974359181502e+02
3.464615384615592006e+02
3.464871794872002511e+02
3.465128205128413015e+02
3.465384615384823519e+02
3.465641025641234023e+02
3.465897435897644527e+02
3.466153846154055032e+02
3.466410256410465536e+02
3.466666666666876040e+02
3.466923076923286544e+02
3.467179487179697048e+02
3.467435897436107552e+02
3.467692307692518057e+02
3.467948717948928561e+02
3.468205128205339065e+02
3.468461538461749569e+02
3.468717948718160073e+02
3.468974358974570578e+02
3.469230769230981082e+02
3.469487179487391586e+02
3.469743589743802090e+02
3.470000000000212594e+02
3.470256410256623099e+02
3.470512820513033603e+02
3.470769230769444107e+02
3.471025641025854611e+02
3.471282051282265115e+02
3.471538461538675620e+02
3.471794871795086124e+02
3.472051282051496628e+02
3.472307692307907132e+02
3.472564102564317636e+02
3.472820512820728140e+02
3.473076923077138645e+02
3.473333333333549149e+02
3.473589743589959653e+02
3.473846153846370157e+02
3.474102564102780661e+02
3.474358974359191166e+02
3.474615384615601670e+02
3.474871794872012174e+02
3.475128205128422678e+02
3.475384615384833182e+02
3.475641025641243687e+02
3.475897435897654191e+02
3.476153846154064695e+02
3.476410256410475199e+02
3.476666666666885703e+02
3.476923076923296207e+02
3.477179487179706712e+02
3.477435897436117216e+02
3.477692307692527720e+02
3.477948717948938224e+02
3.478205128205348728e+02
3.478461538461759233e+02
3.478717948718169737e+02
3.478974358974580241e+02
3.479230769230990745e+02
3.479487179487401249e+02
3.479743589743811754e+02
3.480000000000222258e+02
3.480256410256632762e+02
