2.500895951478906056e+02
2.501403802813844948e+02
2.501911654148783839e+02
2.502419505483723015e+02
2.502927356818662190e+02
2.503435208153601081e+02
2.503943059488539973e+02
2.504450910823478864e+02
2.504958762158418040e+02
2.505466613493356931e+02
2.505974464828295822e+02
2.506482316163234998e+02
2.506990167498174173e+02
2.507498018833113065e+02
2.508005870168051956e+02
2.508513721502991132e+02
2.509021572837930023e+02
2.509529424172868914e+02
2.510037275507807806e+02
2.510545126842746981e+02
2.511052978177685873e+02
2.511560829512625048e+02
2.512068680847564224e+02
2.512576532182503115e+02
2.513084383517442006e+02
2.513592234852380898e+02
2.514100086187320073e+02
2.514607937522258965e+02
2.515115788857197856e+02
2.515623640192137032e+02
2.516131491527076207e+02
2.516639342862015098e+02
2.517147194196953990e+02
2.517655045531892881e+02
2.518162896866832057e+02
2.518670748201770948e+02
2.519178599536709839e+02
2.519686450871648731e+02
2.520194302206588191e+02
2.520702153541527082e+02
2.521210004876465973e+02
2.521717856211405149e+02
2.522225707546344040e+02
2.522733558881282931e+02
2.523241410216221823e+02
2.523749261551160998e+02
2.524257112886099890e+02
2.524764964221039065e+02
2.525272815555977957e+02
2.525780666890917132e+02
2.526288518225856023e+02
2.526796369560794915e+02
2.527304220895733806e+02
2.527812072230672982e+02
2.528319923565611873e+02
2.528827774900551049e+02
2.529335626235490224e+02
2.529843477570429116e+02
2.530351328905368007e+02
2.530859180240306898e+02
2.531367031575246074e+02
2.531874882910184965e+02
2.532382734245123856e+02
2.532890585580062748e+02
2.533398436915002208e+02
2.533906288249941099e+02
2.534414139584879990e+02
2.534921990919819166e+02
2.535429842254758057e+02
2.535937693589696948e+02
2.536445544924635840e+02
2.536953396259575015e+02
2.537461247594513907e+02
2.537969098929453082e+02
2.538476950264391974e+02
2.538984801599331149e+02
2.539492652934270041e+02
2.540000504269208932e+02
2.540508355604147823e+02
2.541016206939086999e+02
2.541524058274025890e+02
2.542031909608965066e+02
2.542539760943904241e+02
2.543047612278843133e+02
2.543555463613782024e+02
2.544063314948720915e+02
2.544571166283660091e+02
2.545079017618598982e+02
2.545586868953537873e+02
2.546094720288476765e+02
2.546602571623416225e+02
2.547110422958355116e+02
2.547618274293294007e+02
2.548126125628232899e+02
2.548633976963172074e+02
2.549141828298110966e+02
2.549649679633049857e+02
2.550157530967989032e+02
2.550665382302927924e+02
2.551173233637867099e+02
2.551681084972805991e+02
2.552188936307745166e+02
2.552696787642684058e+02
2.553204638977622949e+02
2.553712490312561840e+02
2.554220341647501016e+02
2.554728192982439907e+02
2.555236044317379083e+02
2.555743895652317974e+02
2.556251746987257150e+02
2.556759598322196041e+02
2.557267449657134932e+02
2.557775300992074108e+02
2.558283152327012999e+02
2.558791003661951891e+02
2.559298854996890782e+02
2.559806706331830242e+02
2.560314557666769133e+02
2.560822409001708024e+02
2.561330260336646916e+02
2.561838111671585807e+02
2.562345963006524698e+02
2.562853814341464158e+02
2.563361665676403049e+02
2.563869517011341941e+02
2.564377368346281401e+02
2.564885219681220292e+02
2.565393071016159183e+02
2.565900922351098075e+02
2.566408773686036966e+02
2.566916625020975857e+02
2.567424476355914749e+02
2.567932327690853640e+02
2.568440179025793100e+02
2.568948030360731991e+02
2.569455881695670882e+02
2.569963733030609774e+02
2.570471584365549234e+02
2.570979435700488125e+02
2.571487287035427016e+02
2.571995138370365908e+02
2.572502989705304799e+02
2.573010841040244259e+02
2.573518692375183150e+02
2.574026543710122041e+02
2.574534395045060933e+02
2.575042246379999824e+02
